0: 46099,8127,21812,41533,14833,1217,23761,27872,7544,43344
1: 7714,41566,10418,22944,38417,2038,27709,44845,16263,46309
2: 32186,50968,49548,28030,27262,32201,15276,33770,33771,33768
3: 13005,32304,35712,37169,22306,15620,3111,29430,33135,40947
4: 48205,28624,34908,4138,40794,21398,20771,30329,19578,29747
5: 13934,20862,13726,33794,47747,51433,14949,2736,37647,16643
6: 9637,43874,44823,44824,44826,44827,44829,51412,6270,50303
7: 759,17395,29244,50740,17532,13245,28640,8097,11701,13535
8: 14622,43074,48049,26192,6035,31948,2485,27900,28083,8978
9: 27667,51269,20044,51672,16189,47483,15956,50872,34992,12197
10: 51436,18238,6926,20587,32044,11121,20410,50374,2479,10880
11: 12280,39736,39737,39738,39739,1505,27327,13691,20414,25745
12: 29235,9803,12875,45007,48090,17530,17531,15742,37040,37767
13: 30372,14966,16431,50414,44668,18136,3766,14146,51902,30954
14: 57,18093,41625,41626,13299,7521,1241,1242,1243,4777
15: 20525,16545,831,40705,565,24417,10422,22004,3127,12240
16: 12873,14542,44289,3816,18542,29195,46371,46941,51759,20376
17: 28544,33147,22954,41555,14287,19514,15762,49985,23105,16718
18: 25719,3600,48870,15204,7285,9488,8044,30286,30287,23541
19: 48737,907,1208,16528,39340,41609,41610,41611,5427,14666
20: 21007,21008,27332,24332,19912,33378,22601,5298,25495,19526
21: 29912,25477,48855,31972,7019,17078,45809,37148,31041,36518
22: 45184,30377,20772,29300,41406,17396,18359,49214,2172,15988
23: 21601,38462,51264,44969,45402,21369,43232,43246,38658,37705
24: 22759,46326,17165,28804,26594,15304,17925,5011,6528,46018
25: 39748,45227,45228,45229,45230,45231,35943,27737,7270,41643
26: 23462,41202,36139,13029,48710,46899,18740,12820,17568,50803
27: 6573,1303,3452,4428,10605,35742,29721,3163,6092,22404
28: 37369,51273,42419,12022,45818,22595,43335,20616,36362,9235
29: 45853,8490,17079,39217,19326,14349,48962,20115,5997,32042
30: 49390,24158,32568,31681,6202,37560,23400,42120,20312,18043
31: 27357,25614,50602,46498,36434,22953,48956,45288,22159,29899
32: 50333,945,43332,19703,33846,36083,22516,29978,12030,46582
33: 35492,31879,11374,31922,34054,32798,48249,35314,4609,40638
34: 34626,26126,6928,15349,6241,2437,28806,50659,33953,44944
35: 36188,35147,8477,17938,25431,44498,13696,49534,27119,49906
36: 31092,27303,3071,18293,46584,47869,32923,4415,34575,2303
37: 16863,43357,25177,7554,17222,25133,10544,41396,49028,7470
38: 40284,30201,10506,10507,38308,38307,35757,34345,34346,5697
39: 34972,570,3650,9166,20747,25820,15401,40482,50618,20406
40: 25126,1053,33822,25917,9439,12051,12052,40109,27981,46051
41: 22200,7842,29907,29721,48545,24139,29192,3397,41587,26673
42: 1480,23801,5137,30932,24795,1238,14387,21219,48723,50744
43: 28413,49810,10084,10085,26507,37080,41017,13179,8665,6158
44: 18941,14603,29510,35171,26381,26110,19703,44277,26343,15496
45: 47041,442,20131,49824,10960,51874,19343,33587,2165,37071
46: 766,1565,12112,2375,36467,21766,15394,2648,19097,30833
47: 31465,19794,10399,29653,51818,3988,18559,48886,3545,5797
48: 17000,17001,17002,15768,19556,48617,12834,51268,4117,4693
49: 795,47649,30835,18698,43855,2194,42560,29126,28325,18583
50: 3068,33061,17007,22548,16643,37647,14949,51433,2736,18383
51: 9146,689,45608,14796,51640,15500,17023,48327,46839,30256
52: 35065,12554,51572,35199,48665,4876,13642,13643,13644,13645
53: 31619,51826,20647,13377,8434,41935,23934,46802,46803,46804
54: 4789,25491,46507,42503,13569,34459,25480,33125,20223,28107
55: 34054,35314,31922,11374,32798,40638,42474,42475,42476,27352
56: 16986,45267,27735,31078,10169,25204,51362,40515,41239,4544
57: 10517,24327,42736,40032,49820,4009,42656,19231,16820,28423
58: 50703,16903,44818,36138,26440,3367,40964,25081,43553,50860
59: 22079,47338,11258,32730,41709,25103,25510,22413,25404,32904
60: 29743,48427,3469,41511,22478,39428,50482,28038,34389,10188
61: 16689,6292,43381,42221,7186,38919,27643,3243,45976,28601
62: 28641,28642,28643,28644,28645,28646,28647,28648,30504,38883
63: 42793,39172,32153,34859,40513,41887,50261,42457,42458,37445
64: 33511,50202,4945,50762,14003,6970,22862,15267,39826,22368
65: 6361,23758,2651,38383,6626,32989,47863,18523,18524,10505
66: 13873,43343,26367,14082,39107,32759,15200,45202,32232,24259
67: 426,36484,48787,12917,30774,19707,38554,1875,15220,22342
68: 14206,7678,35618,9550,40560,16732,49271,16031,49326,49327
69: 44791,5983,9139,24392,33815,24388,24394,33920,29227,32859
70: 31281,23441,4735,45143,11046,50433,45180,23253,11095,19951
71: 4351,11667,4330,41440,41441,1400,6914,46791,28084,43655
72: 11165,6092,22404,18809,18904,3163,17988,17989,1303,3452
73: 35065,51572,12554,4876,13642,13643,13644,13645,48665,33846
74: 42934,23417,3976,15783,15785,35280,37440,10260,3047,4530
75: 51666,17220,27238,3166,20680,3057,41435,3874,50702,37221
76: 27191,1518,16292,7141,41485,25844,27399,28656,19239,47249
77: 45853,17079,8490,39217,25382,20115,14349,19326,20525,2091
78: 14730,50431,12875,45007,45008,27843,4262,27899,34408,29235
79: 31023,41006,48313,9550,7678,14206,35618,4876,12554,51572
80: 14786,51867,38800,19850,4873,14241,51341,8529,1792,18325
81: 14122,48815,48814,31389,33259,23874,38222,38223,18103,40782
82: 11165,18904,18809,22404,6092,17988,17989,3163,1303,40799
83: 45188,12916,10071,1719,33669,49826,19496,14307,29838,5060
84: 34927,47498,23229,11794,17462,49155,45717,22508,18905,42710
85: 6242,16017,34354,30458,29823,34076,27032,6023,42769,23197
86: 40482,20406,14858,50618,20747,38644,13485,25820,10295,34972
87: 29315,6187,8233,16868,8273,5885,23654,44310,41683,17420
88: 19544,36225,5704,5272,10756,43613,33122,43582,33441,31275
89: 22016,34064,10394,31848,35029,44658,39941,24365,21422,28676
90: 3582,48445,35814,38913,20877,49212,26435,36800,22194,8903
91: 5735,28606,2404,8366,5435,4743,31660,41491,42296,36016
92: 8146,5989,13116,44099,35589,29812,13504,40615,1235,51878
93: 28883,45102,33253,21800,18429,6698,47821,21129,16263,2652
94: 6446,17348,14799,22100,32585,32584,37863,8744,37862,15073
95: 8508,14888,2950,14693,35869,35870,36446,35938,35939,8053
96: 6540,14939,48128,7479,50777,17812,30856,21674,31024,30113
97: 25382,7842,22200,29907,3939,24139,48545,39217,29192,17079
98: 29088,18579,5226,21325,29261,50860,43553,43313,17256,18466
99: 47041,442,20131,49824,37071,32314,24527,34253,41659,33581
100: 44234,20643,46530,37955,18481,30115,46451,34992,50872,47483
101: 36122,19759,21078,35684,23209,46949,41293,8427,44379,47976
102: 20501,28604,11719,14621,32191,48330,40389,42700,43035,32380
103: 46662,46663,46664,46665,46666,40402,26784,3962,42886,27158
104: 24118,50064,34168,38547,49319,411,25251,38211,35905,28732
105: 9028,8469,48429,33332,19365,34130,34036,46870,48432,45279
106: 13185,13494,24795,23122,30134,1215,13291,40264,4887,5136
107: 5284,31833,28180,37794,42141,3130,23809,11124,35141,34041
108: 32817,27131,31916,44494,23578,35615,50580,3288,14739,35996
109: 35618,16031,40560,9645,16732,49271,43076,43611,37018,23596
110: 46259,46260,46261,46262,46263,20923,38761,38762,11516,40315
111: 30578,20408,18500,18451,1757,17906,27126,37757,25758,17877
112: 42904,4448,37448,23861,42878,23053,20022,27421,18239,33072
113: 3301,24222,39165,28649,51931,16786,32127,27002,46646,2852
114: 14578,10821,45440,37535,6000,44610,11358,8035,29007,29008
115: 50294,3520,33405,33406,38191,34050,33223,45219,14075,15062
116: 16782,37845,38966,46759,43464,40496,38829,38593,20227,26014
117: 48182,23593,30173,29544,13267,51683,43675,19571,29071,40324
118: 51024,5867,29189,46891,26673,7395,10605,9206,35742,4428
119: 34298,41212,12589,15171,46859,44371,2069,1299,29287,6088
120: 36801,29585,19026,36877,5363,38163,19028,41923,6525,37338
121: 40864,5573,42821,17539,17540,17541,17542,17543,2530,36883
122: 47865,32396,46789,37435,32374,40900,37298,37299,9699,20746
123: 1951,24226,34613,21336,7282,5476,39508,34263,35072,39758
124: 19475,8611,46237,42807,22017,14654,51762,51763,33569,37775
125: 50144,32320,40592,5518,5519,21302,21305,32410,32411,32412
126: 13893,21313,10016,26374,1633,22596,42339,43580,1466,15536
127: 8831,49725,36520,34845,15356,49005,7916,7917,44956,12672
128: 34389,29743,48427,23636,6636,6637,9204,36654,28860,25993
129: 42034,35657,39471,8106,8107,4131,42982,34390,22283,38524
130: 14211,14212,37982,51084,26671,42982,31224,30613,4688,25010
131: 25038,10865,44258,27667,51285,36516,1207,17077,24173,15291
132: 30288,33071,15252,6972,29846,17464,50449,45223,12471,20566
133: 29743,48427,23636,6636,6637,34389,39395,35630,16018,44530
134: 13823,1024,18715,9568,24408,13844,17759,1623,1159,51631
135: 17988,17989,18904,11165,18809,22404,6092,3163,40799,5319
136: 35726,33569,37775,46237,19475,22017,14654,8611,51762,51763
137: 22016,20775,35668,46930,20268,14250,39941,6527,29019,51639
138: 2670,30638,968,48078,1244,47750,29367,8232,50210,38466
139: 34227,41985,20239,15769,27391,27899,39744,13379,36392,20669
140: 30372,36275,4526,9572,40718,10482,34350,21098,14966,8861
141: 43232,51264,44969,5868,50019,21369,31676,897,43893,24796
142: 18883,50630,8962,12977,11336,35716,15977,17512,12466,49921
143: 49344,40471,49314,44863,24761,37079,44033,49897,49898,49899
144: 38398,37730,31990,26571,23152,38983,41573,48476,33566,21342
145: 46600,36225,43988,19544,36079,36078,12598,47022,33441,13838
146: 2976,47395,28887,17914,4986,40090,45108,34863,41711,22918
147: 9070,27015,14626,180,25604,19574,16453,2256,7902,36276
148: 17349,2559,51268,2707,4693,34226,8654,22179,4209,39762
149: 6573,4428,1303,3452,10605,35742,51024,29721,5867,29189
150: 14024,37462,20400,51326,28369,34276,30927,5296,20526,5421
151: 10865,25038,17077,1207,51285,38719,24173,15291,33706,2565
152: 19262,19263,49736,21638,27793,42699,17510,45639,30236,15257
153: 34389,29743,48427,22478,3469,41511,50482,28038,10188,1386
154: 17349,2559,51268,15768,4693,12834,48617,34226,17000,17001
155: 39288,16503,16675,42345,43536,30586,43019,34797,4409,49098
156: 45808,27177,39569,17700,5642,51269,47889,45556,17153,37322
157: 39568,48869,42802,21932,50893,24180,36660,21968,47381,44773
158: 3766,50414,44668,18136,14146,51902,30954,16431,6120,44377
159: 33460,48783,34602,20550,2964,5943,16362,46100,25637,42915
160: 33159,39287,36072,49654,11549,33449,47755,47756,47757,47758
161: 42844,48893,26804,26993,33514,35071,12168,23363,1027,26317
162: 37719,16207,11867,9730,40858,10656,45851,39848,10664,39847
163: 20769,45082,2776,49626,41698,41336,9668,8425,29606,19685
164: 42700,29593,45430,38035,11719,51189,14621,43035,31029,43229
165: 47148,13869,17058,24556,33221,37684,51803,47019,41517,48388
166: 46593,26142,37888,37635,40750,28252,42320,49862,12063,18404
167: 20049,12973,28034,21740,36594,31207,19678,50577,49907,49908
168: 27741,24419,170,40085,51305,38100,47224,36337,25000,22835
169: 47815,42039,42632,32514,36736,42789,7896,17745,25180,20350
170: 50294,15062,30063,33405,33406,30061,30062,33223,45219,3520
171: 43320,19557,3553,11378,51750,51751,20048,33234,19807,12210
172: 355,25469,51529,12234,2931,24819,38461,45259,39898,42254
173: 14024,37462,20400,51326,34027,23653,19525,16412,23054,21856
174: 12593,20297,39487,34494,6169,41613,41614,43806,317,12566
175: 51395,37555,31570,1194,17059,3757,37696,49458,34721,3662
176: 6404,12820,17568,14513,15071,29931,34020,36131,36139,50803
177: 44104,23626,50059,48404,12745,12746,12789,4538,6054,46120
178: 24365,10394,31848,34267,35029,44658,42470,5789,34064,22016
179: 20560,21394,25163,38684,48069,33719,26461,2268,28192,1576
180: 13071,49134,12226,25337,31801,44401,19783,33286,14187,44822
181: 24535,42317,32042,48962,15981,4682,545,35910,51210,27500
182: 44702,37142,49620,10194,34089,10838,43716,33677,10935,40801
183: 33054,45776,12089,46178,37216,12520,10852,45683,20729,49425
184: 6643,44293,23403,42370,12748,37812,3721,24018,5120,31364
185: 35909,25255,3137,3138,3139,3141,3142,3134,3136,3140
186: 40799,17988,17989,18904,11165,18809,22404,6092,5319,3163
187: 35492,31879,11374,34054,32798,31922,35314,48249,40638,4609
188: 11336,15977,17512,12466,49921,7936,41970,18566,5789,42470
189: 1505,13691,26723,27327,15553,20414,35477,35478,51471,10728
190: 32725,32726,35377,848,19796,64,65,24329,820,8431
191: 23597,32588,27375,21620,16339,33213,6940,31543,32292,11731
192: 25382,2091,39217,17079,8490,29192,24139,48545,50074,41389
193: 24795,13185,5136,30134,1215,13291,40264,4887,16952,11789
194: 10935,18404,18405,18695,37888,37635,26142,50144,28252,42320
195: 47961,13401,32224,26770,13365,31055,16010,22577,9404,34010
196: 130,48290,17067,32022,6822,16708,31601,24263,5270,31589
197: 25382,22200,7842,29907,3939,24139,48545,39217,17079,8490
198: 5874,42742,44786,5556,10324,17487,4696,11052,12252,39453
199: 32732,12315,37705,43246,1371,18575,4716,21601,30255,14740
200: 40290,45178,42912,39866,3773,40684,41202,35171,26381,26110
201: 22973,14103,25672,5475,49059,9356,12219,42920,3036,6188
202: 17988,17989,18904,11165,18809,22404,6092,3163,5319,32596
203: 10736,48001,31574,25120,18449,14425,14426,11391,9673,20271
204: 31281,26839,46299,23441,4735,25217,29652,19073,19074,45143
205: 22687,23712,2873,19725,24739,22941,48337,48795,47956,31797
206: 25246,20884,39611,10221,12280,39736,39737,39738,39739,33503
207: 29721,3163,6092,22404,18809,11165,18904,35742,3452,1303
208: 3888,34090,5937,11864,26663,6265,42984,50396,13789,46204
209: 37441,51076,21208,13277,38161,49308,8132,18672,49511,8292
210: 50548,18319,51246,41302,46647,3887,1485,29306,40996,11466
211: 42658,11277,7279,1021,46196,45004,44561,49398,22828,22829
212: 17128,44736,35921,49166,30129,20191,24873,6931,727,204
213: 31281,23441,4735,45143,11046,50433,11095,45180,23253,19951
214: 20239,27391,41985,39744,15769,34227,44684,48690,48691,48692
215: 46763,11729,21877,21878,20088,13546,5988,50944,23121,23090
216: 20886,11860,20765,48505,44457,34928,37894,8791,12943,27598
217: 44639,11757,39495,39569,20210,17700,719,12512,35866,8176
218: 20887,1158,49085,6346,20167,16365,38488,14827,15940,31936
219: 18764,18765,14061,29193,38041,51967,3444,3445,3446,3447
220: 37675,2002,7631,7923,8408,35643,6642,22808,20584,5612
221: 1303,3452,6573,35742,4428,10605,3163,6092,22404,11165
222: 21773,35019,4513,34894,5981,18976,45463,21351,10299,39190
223: 46154,21117,5037,556,30316,10582,25737,46870,28241,32300
224: 35630,10112,31964,43812,22924,29832,18055,2809,17810,39395
225: 44110,42804,13497,24668,44109,50899,45460,6315,1630,43928
226: 34155,38346,15371,9225,13007,13008,16029,46868,24329,6833
227: 9572,40718,36275,21098,4526,10482,30372,34350,8861,14425
228: 50817,6457,34941,16899,25937,23826,29062,14774,31651,6759
229: 3520,33405,33406,38191,34050,6649,6650,11558,11559,11560
230: 5061,18449,25120,31574,3597,48001,20661,27941,1097,41809
231: 20669,28358,9179,3563,31145,15841,51611,32563,15769,50302
232: 24966,26946,33116,22099,13371,49887,11849,3892,18692,37485
233: 23936,39397,11632,44334,45642,44842,22028,6304,6305,45139
234: 36923,38919,42331,49743,28601,51284,6292,43381,6062,27643
235: 24139,25382,48545,29192,22200,2091,7842,39217,17079,29907
236: 25714,20158,37165,291,47386,43763,2415,11025,9083,23291
237: 28928,3697,38538,26851,48609,17650,38479,44993,10120,25776
238: 40396,47006,19856,34033,5719,15750,48347,24541,10741,51785
239: 22016,39941,34064,21422,34874,12913,10394,31848,35029,44658
240: 4688,30613,31224,34390,51084,21063,25010,26042,26043,26044
241: 34718,34719,2700,29936,9136,11826,2701,2257,48684,37089
242: 41017,10084,10085,19286,8039,11133,8665,13179,37080,31042
243: 37697,3519,23550,9508,9897,27760,27761,1640,46349,34929
244: 46120,44104,28315,38776,16518,11103,41042,45646,7101,4772
245: 17867,35981,4806,6836,34601,31626,9189,34801,27562,42635
246: 50607,47137,47892,5532,17827,15314,26636,5052,43306,43307
247: 26671,42982,37982,14211,14212,34390,4688,35669,51084,31224
248: 7323,19355,48204,12386,46417,13598,37469,35538,21065,41675
249: 37411,30650,9206,41524,7221,7395,5959,23392,47284,46891
250: 39911,6860,11375,49960,3104,19954,7860,42491,731,25051
251: 3562,6569,34746,44587,39792,29744,30519,43462,18119,18010
252: 45776,33054,46178,12089,37216,12520,10852,45683,13459,20729
253: 2177,42561,42562,29429,29082,9660,44779,6970,7509,36399
254: 10960,2165,23026,23025,47041,14409,19343,46923,2644,20131
255: 38396,50070,3647,37611,47053,42912,39866,3773,28608,45178
256: 16732,49271,40560,49326,49327,46805,36805,5477,48309,9550
257: 17460,50530,32731,12592,49467,23158,30238,50018,13626,50912
258: 35065,35199,41006,31023,12554,51572,48665,4876,13642,13643
259: 15304,26594,28804,18602,46326,17165,6545,26752,46018,46019
260: 35742,10605,4428,6573,3452,1303,51024,29189,26673,5867
261: 33159,2670,30638,39287,36072,49654,11549,33449,47755,47756
262: 47419,14906,15547,540,965,16399,18841,20357,43557,43559
263: 39416,6230,21154,39417,11285,31524,16306,17928,30677,10704
264: 43856,18767,683,5666,45638,32303,15662,6390,9549,43954
265: 7021,44418,31510,21544,33013,2216,37660,28732,38211,411
266: 41234,2053,16198,7749,23115,22888,16610,35483,51183,10643
267: 3163,6092,22404,18809,11165,18904,17988,17989,29721,3397
268: 50622,50724,10661,40328,27982,32248,40038,16648,38809,16488
269: 5190,32067,46434,14715,14157,50959,36207,31742,23684,11163
270: 17349,2559,2707,22179,51268,1414,4693,34226,8654,32417
271: 39397,44842,23936,22028,11632,45642,44334,6304,6305,45139
272: 11378,3553,19557,12210,33892,33234,19807,49362,41051,43320
273: 5874,42742,44786,5556,10324,17487,4696,39453,11052,23137
274: 38919,36923,42331,49743,28601,51284,6292,43381,42221,27643
275: 44806,33800,8192,2838,36561,40724,16113,40977,27484,7940
276: 32563,2735,19886,15841,32320,40592,21301,21303,21304,21306
277: 31023,41006,48313,12554,51572,4876,9550,7678,14206,35199
278: 15062,3489,30063,12563,34680,47031,652,11555,8212,1729
279: 24624,29431,29432,18985,16391,48866,48867,48868,6827,32624
280: 8525,38411,39578,20054,35743,32724,11353,33916,700,701
281: 12820,17568,29931,23462,36139,41202,48710,46899,13029,50803
282: 36611,3007,17508,39699,46423,25458,29133,42600,30298,21079
283: 20427,40094,31839,5032,35034,38908,38646,22483,6099,47752
284: 35796,3684,3685,18936,36791,3790,49757,50688,50689,47557
285: 8590,9635,39660,39661,40146,19580,11465,44089,9004,2888
286: 24511,24512,3362,42770,39820,19327,21331,27093,26128,40759
287: 42503,13569,46507,4789,25491,8748,7348,34459,25480,45139
288: 4688,34390,21063,30613,31224,43376,51103,29003,39581,30684
289: 45171,33200,4624,18674,11606,14131,29624,38921,7714,18459
290: 33253,36140,36141,37099,48397,35067,20993,2007,36701,6698
291: 11026,40611,24174,25190,11408,48399,40423,41953,40324,7340
292: 27088,5647,38379,3425,34676,42026,7164,9820,18418,41160
293: 35330,5138,37151,37455,17384,15137,46392,39536,15613,15272
294: 39320,28271,32596,48038,13014,41537,12043,12044,12045,12046
295: 41504,31708,6671,33202,40713,12753,47040,29119,7196,39635
296: 1076,34459,19939,37961,4962,43130,43131,43132,43133,36510
297: 44070,5420,22643,45530,46900,19229,50727,33238,50212,5978
298: 28634,39307,39308,39309,39310,39311,39312,39313,18649,4385
299: 40606,21092,33598,35835,35836,35837,35838,41732,22352,12948
300: 24951,24659,21693,36822,1539,6578,39376,26837,29872,5122
301: 3444,3445,3446,3447,8447,18764,18765,25180,17745,45429
302: 51403,4181,46140,49373,49209,49372,3044,42824,8129,42231
303: 17153,45556,37322,47889,5642,21024,10472,44258,25038,6168
304: 16782,37845,43464,40496,38829,38966,46759,38593,20227,46633
305: 38908,38646,4112,40094,5032,16766,6099,5521,14417,7518
306: 22437,9500,25022,47476,758,25023,44796,23180,9737,40442
307: 35288,24093,17978,51517,9769,3876,19480,37607,41627,38135
308: 38907,44047,50180,3584,22538,19789,40748,8408,19542,45660
309: 37961,7836,27659,12586,12587,12588,23471,20955,51493,51492
310: 43861,3242,2845,34279,265,39180,31765,4601,8655,43291
311: 17988,17989,18904,11165,18809,22404,6092,3163,5319,40799
312: 42508,8401,48321,51774,17171,3881,17018,38718,49310,46320
313: 36175,12722,39894,47835,28966,44158,28227,38970,2181,14308
314: 20521,26478,13450,25389,51349,17173,46948,51437,36946,39124
315: 46178,13459,45776,12089,33054,37995,51530,43595,12616,10852
316: 17938,8477,49534,36188,25431,23022,35147,23242,50326,5909
317: 40344,43365,25420,47978,20904,18699,1701,6248,6770,1427
318: 42040,35003,28902,8316,2197,19931,18820,50071,22765,5965
319: 11699,34686,20936,19721,39581,30684,51103,29003,11071,48650
320: 1487,34558,46601,41701,27935,5090,4204,20840,23136,18608
321: 23258,15512,8420,9708,18644,50468,31496,35050,20391,43776
322: 50431,14730,34408,12875,29235,16648,45007,45008,9803,27843
323: 28315,16518,41042,7041,48923,4736,45322,27967,25694,25695
324: 20680,3057,37203,3874,41435,28025,17220,37587,38044,48045
325: 43296,21962,43297,43298,33693,49889,7619,11924,44787,16621
326: 43860,27187,39690,48761,24822,22946,31695,28040,22707,48392
327: 39428,41511,3469,22478,50482,28038,10188,1386,26958,42710
328: 34096,13219,36280,6088,34469,11166,25247,34298,35472,15687
329: 49403,18135,732,48211,43706,8290,24457,40414,51677,47663
330: 14954,7696,32953,31129,40018,33851,30331,31021,23793,5710
331: 42554,17419,5939,17860,31097,47873,23645,49159,11164,13766
332: 39569,17700,45808,27177,51269,44639,5642,39495,44234,18481
333: 42790,49918,30530,44312,43654,12949,14706,9428,35967,5039
334: 1411,48066,18865,29997,24115,4425,26633,2079,18717,178
335: 46375,13157,20520,13820,43355,12518,51881,9801,41272,45418
336: 44160,19397,41452,2008,22050,49933,25782,7093,50624,46316
337: 27352,35314,4122,40638,31922,49518,42474,42475,42476,22589
338: 6220,29360,38296,31628,15430,42288,40818,10773,50159,26568
339: 50184,25027,42896,17017,37790,25009,31168,1693,39174,8885
340: 15841,32563,19886,2735,26370,32320,40592,51611,45702,42025
341: 1534,37713,51846,41498,24647,44416,18131,25652,32302,16763
342: 38044,1839,20793,38773,4744,11065,777,23360,28212,41435
343: 34549,46388,39179,50925,32635,19328,26633,28781,44651,6961
344: 20627,34069,13756,23734,1023,16826,40314,41200,35017,12576
345: 5969,5970,5971,5972,5973,25539,20839,36690,19492,21168
346: 23229,34927,47498,6295,35348,11794,17462,49155,45717,2869
347: 30039,43443,14469,27360,42243,49598,12498,42353,51574,10583
348: 24332,19912,5298,33378,25495,22601,19526,21406,26859,46317
349: 47786,28568,35787,35165,35166,35167,35168,34728,28383,7214
350: 14661,35436,36397,17423,21710,21711,30482,13693,39787,47933
351: 19707,36484,37149,4395,22342,20385,12917,27334,34323,31796
352: 2559,17349,51268,4693,34226,8654,12834,48617,4209,39762
353: 15357,2570,31514,27629,46487,32539,50423,26049,3993,18676
354: 27780,4833,27624,32796,18402,20724,45524,9088,37777,33310
355: 2707,1414,32417,48468,11254,48288,22179,6264,21664,45395
356: 7801,21020,34568,23732,41232,5474,45635,47598,42498,2900
357: 5319,17988,17989,40799,18904,11165,18809,22404,6092,3163
358: 45208,35133,5615,42640,25207,43233,29087,15327,16906,17224
359: 10562,34621,14977,43724,10280,7713,22278,42692,37717,43693
360: 19939,4962,1076,13285,5404,24753,27588,20338,40602,12264
361: 42403,50192,41030,47215,25765,34631,21787,28815,11417,25957
362: 32870,35479,16974,29616,34955,9141,10916,15733,20304,2241
363: 24966,13371,49887,3892,37485,19035,41081,48784,11849,18692
364: 51084,18883,25010,11336,50630,8962,31224,26042,26043,26044
365: 3766,50414,44668,18136,14146,51902,30954,16431,6120,44377
366: 39442,49906,44699,43295,39454,7350,32071,27119,9507,45139
367: 22668,22184,10987,17426,14957,6024,20127,26342,41168,44703
368: 50860,29261,21325,5226,43553,18579,29088,34208,43313,17256
369: 46846,18,36236,27776,43977,35106,8218,45881,33314,50811
370: 5969,5970,5971,5972,5973,25539,36690,32063,23558,20839
371: 51842,48340,31372,41840,50854,36829,5730,38445,32250,44252
372: 30372,14966,4526,36275,34350,9572,10482,40718,21098,50414
373: 8911,1249,11306,45520,49089,16618,50285,35294,23981,25061
374: 2627,50404,44593,48407,38220,46232,51442,45703,29361,44311
375: 19574,11505,9070,180,27015,14626,22625,15486,40160,37832
376: 15769,27391,20239,41985,20669,34227,39744,27899,36392,13379
377: 14730,50431,12875,27899,45007,45008,27843,4262,34227,15769
378: 37313,33457,47685,6305,6304,45139,23936,11632,44334,23258
379: 12030,46582,4668,19389,22516,36083,30256,48327,46839,979
380: 32045,16586,40670,21586,39937,44766,45279,5953,37289,48432
381: 498,51267,36297,12886,15381,45033,41489,1019,26494,6243
382: 18883,11336,3792,15977,15548,48926,17512,12466,49921,7936
383: 7101,16518,41042,24260,10953,28315,27551,25515,36821,14082
384: 39569,17700,51269,44639,39495,44234,20210,719,35866,12512
385: 14326,6329,28625,26167,10912,6010,15434,37374,39379,39380
386: 9550,7678,14206,14513,6404,15071,40560,16732,49271,49326
387: 45245,28740,4855,6032,46543,21672,2363,14774,50817,7131
388: 43017,13886,27010,16756,18864,13237,9643,47846,39375,22015
389: 6829,7899,4158,7004,19258,7384,19336,18567,49885,28296
390: 20167,16365,6346,49085,48281,38919,36923,42331,49743,28601
391: 24710,29841,49915,25559,13482,23688,13567,22886,7999,22202
392: 27288,5555,41429,18070,16077,13695,14976,39968,24606,46849
393: 18325,3114,48299,307,12671,1258,4648,43520,16842,19903
394: 31372,51842,48340,45555,18972,33887,23552,1619,28996,21372
395: 11336,15977,17512,12466,49921,7936,41970,18566,5789,42470
396: 11505,11809,19262,19263,39875,39876,39877,23977,5917,38504
397: 2935,12453,34493,39243,29197,10500,10499,46826,29383,44997
398: 9179,3563,50302,31145,5897,5700,46205,16789,38366,4133
399: 28514,3563,9179,37633,49557,44759,27417,18264,42395,13458
400: 12252,1391,1487,34558,44786,47035,42742,5874,46601,41701
401: 34673,20355,4674,4675,17900,16347,36905,30365,9895,24613
402: 34147,20035,20036,226,10590,31564,32911,37568,28915,37915
403: 19686,45798,17935,44373,44374,19755,9068,6898,14344,40685
404: 7404,23212,31396,43219,5797,3545,18559,22051,48886,3988
405: 44369,31518,31954,22857,33502,9423,11223,32950,22851,49359
406: 33909,316,10302,25127,14951,9724,6951,26575,713,8866
407: 50952,47924,30554,39341,41335,50511,40621,46982,16372,11884
408: 31281,23441,4735,45143,48427,29743,11046,50433,45180,23253
409: 15062,30063,30061,30062,21278,33223,45219,27782,14075,22721
410: 4910,4909,15923,37162,18139,14592,9453,36336,2755,29127
411: 45520,1249,35294,11306,28634,39307,39308,39309,39310,39311
412: 47377,10918,11700,9375,24307,27014,33294,6257,44260,47471
413: 7101,24260,10953,14082,27551,25515,41042,16518,26367,36821
414: 35981,6836,4806,34601,31626,17867,23022,9189,34801,50326
415: 7218,45609,18984,29802,23951,23763,28501,38132,38301,17658
416: 22719,40603,47594,15317,2071,30917,36459,27092,47589,23171
417: 45139,6305,6304,39442,7348,37313,49906,44699,43295,39454
418: 29235,9803,12875,45007,45008,27843,4262,48090,17530,17531
419: 25469,355,51529,43648,39898,13415,32321,24893,12234,32325
420: 30135,33116,20805,20970,32118,44172,7534,7535,3560,29371
421: 24968,1624,36296,2867,3518,28441,16078,23746,44168,1047
422: 1357,15335,10221,9232,44054,24635,24087,35948,6740,39631
423: 6620,6621,49832,27226,24033,46373,12235,51143,39204,51140
424: 17459,27540,22416,30072,45710,38547,26759,24118,49319,28732
425: 45881,966,4778,38273,36236,39925,46846,18,27288,27776
426: 14912,12166,12275,26480,43465,43466,43467,43468,33747,3304
427: 419,39399,2490,13313,39039,17632,45356,33742,46473,4677
428: 20669,15769,27391,20239,41985,27899,34227,39744,2415,43763
429: 44391,21466,14874,26010,42563,45313,23072,13489,25101,48842
430: 12831,30536,50581,46213,31679,5752,3115,13984,38205,25798
431: 2976,47395,22918,28887,17914,4986,40090,45108,34863,41711
432: 44027,44028,11154,22497,1949,29131,29132,22646,22299,31652
433: 34429,6051,46236,44693,36267,47292,17066,15545,37747,1708
434: 35492,31879,11374,48249,31922,4609,17134,34054,2692,35314
435: 42240,43415,27076,41978,25497,38959,34356,14367,9503,21886
436: 20669,15769,27391,27899,20239,41985,34227,39744,36392,45008
437: 41861,15039,6128,13380,36541,27450,27763,27764,27765,27766
438: 33788,29819,36247,25626,26777,38409,35625,13238,39321,12102
439: 1715,27916,51002,11429,49409,11766,44619,22196,43514,20246
440: 25075,33060,30382,38094,32487,22450,23162,1735,25624,39450
441: 41524,7221,5959,23392,37411,30650,47284,9206,7395,12163
442: 28597,28598,2491,45432,2489,34599,4352,47399,47400,43882
443: 4040,45316,2857,13551,31196,40218,634,46198,905,13180
444: 31860,25945,5094,46010,16942,40583,30051,12109,44626,44627
445: 44172,31976,39835,31629,15755,15756,9452,16549,16442,20296
446: 34155,30391,18981,42911,19593,19594,16029,46868,15371,36468
447: 4617,1041,44193,44194,34149,10242,2750,23159,27759,13332
448: 33405,33406,3520,38191,34050,33223,45219,14075,22721,6649
449: 20049,13486,25228,10536,39065,23961,20772,30377,40550,44596
450: 7772,40896,45803,31737,42210,24590,22399,38112,46649,10092
451: 32497,51226,41936,17247,6235,8902,49313,16655,22291,51491
452: 17462,47498,11794,49155,42710,45717,18905,22508,26958,45724
453: 24564,21390,48831,27822,46522,51886,30235,47309,27512,36650
454: 44873,6232,358,41390,42170,49333,51783,12309,3119,20180
455: 27887,44050,4067,4090,35763,44648,24950,24336,29411,4385
456: 20077,30763,31195,91,26764,50169,815,15165,39625,23907
457: 38411,8525,39578,35743,20054,32724,11300,33916,10962,29361
458: 12303,14471,21070,21071,21072,21073,28107,33125,20223,22765
459: 22028,27659,7836,23471,12586,12587,12588,20955,51493,51492
460: 35065,48665,13642,13643,13644,13645,41698,12030,46582,36083
461: 23135,37600,38700,29384,30306,17025,38021,373,374,375
462: 22028,44842,39397,37961,27659,7836,12586,12587,12588,23471
463: 44491,27053,8642,7001,35172,8159,20711,11010,3302,25196
464: 8654,34226,4209,39762,4693,44460,44711,44377,40620,12749
465: 17663,27619,40720,19936,5673,6381,33245,31116,49230,35944
466: 16718,20730,20130,11543,9043,7394,23105,15762,26749,19514
467: 23572,23509,23510,45705,35091,13248,20657,34860,13538,14482
468: 32442,48418,45023,12177,39385,44854,10765,7050,19368,34430
469: 42777,20368,21718,17279,49188,14711,11513,48832,29311,35845
470: 945,50333,43332,36083,12030,46582,22516,19389,4668,19703
471: 40643,17345,28760,18203,51321,18677,1010,32971,16239,39497
472: 50294,3520,33405,33406,38191,34050,33223,45219,14075,22721
473: 39321,12102,26408,29819,6561,47670,15225,48224,8460,35146
474: 17426,27348,23625,5788,22384,27969,36484,42239,10987,47705
475: 51929,38872,17295,51773,49361,38743,17519,22728,17289,45071
476: 11408,1528,23513,11026,23642,27715,35708,35221,16259,41953
477: 39341,41335,50511,47924,50952,28348,33606,50509,16372,40621
478: 30071,27341,14649,31012,5134,27158,30262,1120,50080,26680
479: 4449,32313,8520,4297,48313,4122,40995,31023,41006,17300
480: 10368,25508,1930,21949,28384,36742,26802,14210,15589,45558
481: 47815,3588,30843,30841,30842,21534,7896,42039,14028,42632
482: 9876,2740,14044,11519,28937,31600,31416,18846,36488,43931
483: 17224,45208,44993,38479,33990,26407,39531,13617,4429,39767
484: 18442,13443,34633,45252,25262,40043,20459,36478,21411,39461
485: 23462,11166,29931,17568,12820,3647,34469,38396,41202,50070
486: 31674,27237,38139,6644,1872,20440,3082,45278,4737,27210
487: 41026,39458,14944,30392,2415,11025,23288,42206,45632,45314
488: 41355,33287,31992,35073,32519,12299,1596,6796,22949,25578
489: 33166,30049,3101,8426,34052,8984,35150,33820,24782,30199
490: 48445,292,5756,48091,27958,45289,38304,7704,15653,46496
491: 48107,30743,24857,51500,23852,42636,35629,43167,11039,34148
492: 17988,17989,18904,11165,18809,22404,6092,3163,40799,5319
493: 23288,40836,3885,39458,20353,5664,47772,30392,42206,51893
494: 9226,9227,6606,29817,45356,20126,17632,45826,39399,2490
495: 6396,12412,25839,49555,31194,42481,947,28115,14412,35457
496: 8563,4178,50663,27483,49507,5757,19037,24005,39628,12489
497: 8820,1710,32111,16051,32874,33157,7690,35842,49944,15793
498: 42644,41252,7995,45949,18814,32393,1080,10731,35887,31939
499: 13578,29070,32435,15474,32382,15671,24135,36435,28743,11302
500: 21063,21598,29003,51103,30684,39581,19721,20936,34686,11699
501: 3135,50041,46848,34088,23860,17063,25255,10493,35909,6645
502: 11165,6092,22404,18809,3163,18904,1303,3452,17988,17989
503: 34673,17900,20355,4674,25767,4675,36634,24613,16347,36905
504: 23229,34927,47498,6295,35348,11794,49155,45717,22508,18905
505: 14104,41808,51330,6760,46067,29418,21794,50396,13988,15409
506: 45881,46846,18,27776,36236,43977,8218,35106,33314,50811
507: 9409,19346,1688,14178,45044,15088,45043,4074,27954,34907
508: 41705,45149,45150,45151,25193,16232,30307,24301,28333,25796
509: 37321,49914,10467,40781,20953,12873,14542,44289,5459,13368
510: 35139,36084,35570,10396,28788,49057,36453,42005,44188,25192
511: 16906,15327,29087,43233,42640,25207,5615,35133,45208,17000
512: 4117,12749,12834,48617,40620,6120,39762,4209,44377,44460
513: 20669,15841,32563,2735,19886,27899,28358,32320,40592,51611
514: 21930,18565,25625,42913,16120,45623,42586,47857,3164,19717
515: 39495,20210,32504,49968,35866,719,11675,12512,34187,8176
516: 47513,20427,31839,35034,17127,5080,22483,42643,47752,20071
517: 44104,38776,46120,23626,50059,48404,12745,12746,4538,12789
518: 3393,51696,4581,46255,4656,33985,31871,8683,588,5152
519: 2476,23119,792,41025,6605,7607,852,36378,23519,39548
520: 42178,33286,19783,44401,14187,46616,15142,6995,25337,15747
521: 6560,42128,5473,51346,31986,35260,38807,9349,9350,11035
522: 5284,31833,28180,37794,42141,3130,23809,11124,35141,34041
523: 51762,51763,8611,42807,19754,19475,37579,51042,49321,8048
524: 35716,11336,50630,8962,18883,5789,42470,15977,17512,12466
525: 49518,22589,23861,37448,33072,20022,4643,30990,7381,7382
526: 33577,35859,17111,12293,36506,19445,19446,19447,19448,19449
527: 48249,4609,17134,2692,15231,31879,4358,22784,31833,35492
528: 8117,40767,36613,36614,48602,12742,32092,30739,46748,38392
529: 4980,48561,9921,44394,4079,1434,27607,12497,39082,43978
530: 10918,11481,11483,24307,41366,32784,18192,37820,37821,7492
531: 11335,25560,33049,8410,1946,34602,19828,45189,33460,958
532: 42154,2943,34590,18448,3659,24573,35911,5142,39260,39441
533: 14966,26407,33990,4429,7564,5763,1004,47505,8327,17637
534: 5989,44099,29812,51878,1235,13116,32501,10093,20891,8478
535: 14599,44448,44449,40405,24726,40729,29294,25530,16623,37276
536: 21024,37322,45556,10472,17153,47889,6168,8393,20163,20164
537: 31879,35492,48249,4609,17134,2692,15231,4358,22784,11374
538: 30343,4303,22792,35308,35307,25493,16266,31229,10642,29932
539: 10284,12734,28813,17228,14646,10901,9694,46271,2105,12733
540: 46030,30241,43837,43838,43839,43840,43841,43842,43843,45983
541: 41355,9545,25578,32519,22949,35073,31992,12299,33287,43486
542: 49648,36022,24949,48687,24460,5283,43216,3824,27836,9944
543: 40172,43954,6390,15662,45638,32303,683,5666,13014,32596
544: 29192,2091,48545,24139,22687,36417,23712,2873,19725,7369
545: 48349,6267,8828,12073,10375,27889,14721,26735,37758,33383
546: 5319,40172,43954,6390,15662,29690,45638,32303,39713,40983
547: 6292,16689,43381,38919,42221,28601,49743,27643,42331,7186
548: 29276,17998,13503,44964,33107,33222,46050,50448,26003,24478
549: 26943,20190,22471,12689,21513,33734,11441,49261,49077,50883
550: 41555,44767,3836,22954,33147,15592,49580,47573,44835,28329
551: 39397,45642,23936,11632,44334,44842,22028,41163,21317,47509
552: 9803,29399,29235,1002,37767,37768,37769,37770,37771,17530
553: 45246,40595,14974,18086,40596,10671,17907,2588,25587,9492
554: 42589,18970,17169,43406,45622,12807,47263,36342,20963,10077
555: 5066,33679,16397,89,8757,34182,9269,8758,22874,43695
556: 46859,15171,44371,2069,41212,12589,34298,6088,1299,7085
557: 2869,1826,30914,16810,6295,35348,4451,35568,11788,32075
558: 25425,10559,35179,15955,19279,40664,51723,28368,34896,5408
559: 30695,22003,33884,37844,25303,49770,35843,34657,24451,2805
560: 32740,27741,24419,170,40085,51305,38100,47224,28626,36337
561: 10071,41443,42938,12916,45188,18892,18893,18894,18895,5909
562: 23562,43303,7153,37114,44763,12215,28724,41444,36788,7720
563: 25341,49064,8680,8679,25832,35134,25383,42949,12593,20297
564: 51284,28601,49743,42331,36923,38919,6062,43381,33290,6292
565: 12030,46582,36083,13642,13643,13644,13645,43332,945,22516
566: 26920,48039,27029,27392,43941,43942,43943,26593,30851,38042
567: 20669,28358,15769,27899,27391,15841,32563,20239,41985,51611
568: 43937,14775,31383,31478,9330,25061,48263,23981,34573,19822
569: 34227,41985,39744,20239,27391,15769,13379,36392,27899,48690
570: 9300,13631,11351,24919,3832,1182,27242,18444,8228,2418
571: 33147,22954,41555,20164,20163,28544,6168,8393,10472,21024
572: 15109,26593,30851,27392,38042,48039,26920,6635,27029,26772
573: 51268,4693,34226,8654,12834,48617,2559,17349,15768,12749
574: 19571,43675,29071,7340,1837,40324,48399,25190,29544,51683
575: 12295,39601,24104,18312,22990,49877,19885,41664,44322,6957
576: 3163,6092,22404,18809,11165,18904,17988,17989,29721,3397
577: 33800,44806,8192,2838,16113,40977,7940,27484,31805,36427
578: 51967,38041,29193,14061,16906,15327,29087,43233,42640,25207
579: 24301,25193,28333,25796,19004,22102,43168,45361,5783,7996
580: 42987,21820,42114,38628,37738,15635,16260,19421,28910,48627
581: 7323,19355,48204,37469,12386,35538,21065,41675,7263,19289
582: 39495,20210,719,12512,35866,32504,8176,49968,11675,44639
583: 1553,41107,35680,5921,489,1812,44811,30160,164,3634
584: 42390,417,7235,2911,45797,41454,32297,20712,34243,177
585: 47379,12831,3115,13984,4639,12147,23597,18409,448,37398
586: 31012,30262,1120,29016,14649,45539,5134,4472,30071,22245
587: 7842,29907,22200,26673,25382,24139,48545,29192,29721,29189
588: 6469,22118,34994,6721,14767,14112,26546,2752,12215,37114
589: 1303,3452,11165,6092,22404,18809,3163,18904,6573,35742
590: 39397,44842,23936,45642,11632,44334,22028,6304,6305,45139
591: 5771,28908,49586,51151,26385,6568,1113,50271,41320,41962
592: 31013,39448,24316,12687,10645,42949,43943,43941,43942,23777
593: 41924,20255,31843,2400,26316,7002,27070,34574,15583,13165
594: 45776,33054,12089,46178,37216,12520,10852,31281,23441,4735
595: 4121,34562,50505,1776,48750,5652,49917,50421,34205,23076
596: 40995,32313,4297,48313,41006,31023,35199,8520,17300,8544
597: 34390,42982,26671,42034,37982,35657,39471,8106,8107,4131
598: 14088,8998,31042,48375,19484,41100,6757,49935,43124,335
599: 41704,42496,39359,29396,8837,35114,12864,12870,12863,12867
600: 12666,34892,42353,36090,21742,42623,37667,49493,21741,32890
601: 6107,24891,40668,6616,6617,11588,11589,49173,25582,47056
602: 51911,24302,2284,40075,2036,26782,48959,31255,28292,17260
603: 15680,10385,29315,23654,8233,6187,16868,8273,5885,44310
604: 50577,20049,27865,28381,12973,31207,7759,30377,20772,35883
605: 22696,6978,2689,27518,30406,42702,10437,10450,27520,36241
606: 31364,5120,10676,16577,5449,24018,47569,6800,15262,4633
607: 23144,12232,45395,21664,6264,11254,48288,980,50728,48468
608: 8748,25480,7348,20223,33125,28107,21070,21071,21072,21073
609: 36860,25283,49099,6481,8017,448,37398,4639,13984,3115
610: 35742,3452,4428,1303,6573,10605,29721,29189,26673,51024
611: 16344,36625,43538,27239,23402,9996,44855,11324,32986,29908
612: 48313,31023,41006,35618,32313,4297,40995,4449,14206,7678
613: 1088,14219,33076,34644,10888,11895,13877,48994,34645,28379
614: 31600,23577,3113,41959,31234,16118,34967,40422,44508,1782
615: 42390,2911,417,7235,45797,6129,41454,32297,20712,29497
616: 11067,42747,34453,27284,17463,4661,2189,5846,18474,29499
617: 41698,48665,13642,13643,13644,13645,12030,46582,4668,19389
618: 12558,43286,41525,890,27465,7068,6319,7066,47542,30689
619: 42503,46507,4789,25491,13569,34459,8748,7348,25480,45139
620: 23884,11686,44079,37640,25595,22449,33694,37846,25174,12971
621: 14061,29193,38041,51967,18764,18765,30085,29261,21325,5226
622: 51677,47663,50783,43706,732,18135,14033,6383,22818,51887
623: 3939,16545,831,40705,565,22004,24417,10422,32309,23379
624: 13219,29931,34469,17568,34096,11166,12820,23462,15071,37611
625: 5132,10922,43033,33670,35780,29379,23418,21662,5603,13752
626: 31574,25120,18449,20661,5061,48001,27941,1097,41809,26047
627: 22016,20887,20775,35668,46930,51639,6527,14250,29019,33540
628: 6573,1303,3452,4428,10605,35742,3163,6092,22404,11165
629: 47004,15515,42715,18471,8217,45086,14301,6143,32593,13897
630: 41423,5347,17929,20377,49885,28296,22528,18567,833,14525
631: 44823,44824,44826,44827,44829,15095,5159,38590,18035,18794
632: 9071,39668,35824,4568,41951,4261,33827,28321,21703,44819
633: 6950,30871,51069,5130,22940,41928,7722,5297,48053,9504
634: 29235,9803,12875,45007,45008,27843,4262,48090,15742,37040
635: 7349,7156,7157,46064,7158,18795,45409,34576,38608,2714
636: 25193,16232,30307,22102,24301,41705,45149,45150,45151,6925
637: 44189,17085,41504,31708,46753,42667,6671,33202,40713,26726
638: 23884,11686,33694,37846,25174,26819,12971,42694,51456,7588
639: 36484,19707,426,48787,12917,30774,22342,20385,38554,1875
640: 20669,15769,27391,20239,41985,28358,27899,43763,25714,2415
641: 29192,48545,24139,2091,40678,3397,41587,48909,22200,33438
642: 23119,792,2476,7607,6605,45244,51299,36378,41025,36468
643: 15351,40942,28467,51821,19687,16325,39530,4508,28953,11657
644: 20649,39435,2671,14318,46152,38927,2077,6395,30773,32559
645: 7068,27041,46324,34702,47542,17147,20869,46337,13026,30689
646: 29978,30797,36649,23269,19703,50333,8062,13831,13832,32396
647: 35618,40560,16031,16732,49271,43611,14206,7678,37018,49326
648: 26042,26043,26044,25010,31224,30613,51084,9876,2740,45142
649: 40610,40861,50430,8226,49076,1526,275,49870,43124,43156
650: 34085,22573,37012,27084,13680,31692,45559,9818,40067,36376
651: 2855,2048,45557,7311,20086,10487,3953,17966,17516,31820
652: 20695,37196,18641,46937,20559,37484,12631,29875,35785,50273
653: 3595,6344,18501,6902,36653,12276,39517,43067,14538,41436
654: 6378,26785,41618,45451,43775,34897,16492,16493,48627,28910
655: 27899,15769,41985,27391,20239,34227,39744,12875,45008,45007
656: 23351,15864,26015,12014,36833,22275,13804,10285,86,9060
657: 32780,14895,6140,9573,20399,37825,39075,40830,40831,45820
658: 32485,22947,48045,34086,8582,37587,3975,50164,24154,5715
659: 50836,45210,15871,20019,14153,42074,16486,48619,12628,39926
660: 11165,6092,18904,22404,18809,3163,17988,17989,40799,29721
661: 1408,43608,48044,48213,23315,49605,20483,29042,35692,21315
662: 25714,20158,37165,291,47386,43763,43270,26474,24889,39201
663: 25226,51080,25967,23034,22591,6537,21032,45138,630,39500
664: 1946,8410,33049,45189,958,43104,6519,11335,1982,19828
665: 44104,23626,46120,50059,48404,12745,12746,12789,4538,6054
666: 41125,41126,20680,26677,37927,30557,17220,25554,18350,3057
667: 10686,50645,50647,50648,50649,50650,50651,28561,2669,890
668: 16518,41042,28315,24260,25515,30530,24259,49918,14706,44312
669: 21408,20421,45060,2643,2644,46923,1808,23025,23026,14409
670: 15017,25278,49347,2341,31631,1042,35664,8157,25279,31630
671: 2847,12620,27879,31494,43645,26668,13901,44313,3227,10157
672: 38455,41407,27238,35211,34707,50702,37221,11646,4654,51775
673: 31879,35492,11374,48249,31922,4609,17134,2692,35314,34054
674: 16413,37263,4918,50108,33136,11097,30570,22476,22477,16884
675: 42419,37369,51273,13333,36362,50562,5936,12022,30401,41955
676: 14047,14120,14119,48412,36454,31663,14127,9223,46879,46881
677: 41555,9643,49580,3836,27010,13886,28544,44767,28329,44835
678: 49524,15125,20007,12707,5946,209,210,34903,39815,20959
679: 27346,33552,23149,25131,4792,35743,25185,13669,42641,18306
680: 37236,8841,11941,3297,45565,23490,36411,43741,35759,15939
681: 18131,44416,24647,25652,25070,43768,43770,43771,43772,32302
682: 49874,3299,5721,31047,16075,10399,39127,19794,31465,29653
683: 23077,36357,16742,9569,1853,1854,20751,2121,38274,31066
684: 13894,40057,13431,11963,11103,45646,18988,11132,1225,46461
685: 22770,22772,22023,22771,29916,31326,28835,50004,47518,14776
686: 27590,51717,48793,33030,29760,19161,22205,43030,2308,43095
687: 29827,39006,482,29480,36036,28786,2345,24059,4054,38742
688: 50294,3520,33405,33406,38191,33223,15062,45219,30063,14075
689: 35763,37812,12748,23403,6643,44293,42370,28634,39307,39308
690: 42826,13052,43533,17232,17033,19933,8856,48119,18849,25460
691: 23702,41744,3453,34875,41666,46297,9686,45774,12342,41525
692: 28998,25167,9944,43216,3824,27836,48687,24460,39750,4729
693: 44617,20317,2208,50365,34763,50572,505,25004,41884,37720
694: 44980,46640,36394,47308,50905,38209,48151,19558,35699,48015
695: 49055,15071,14513,10721,13219,34749,24046,16268,34096,15090
696: 21024,10472,17153,37322,45556,6168,8393,20163,20164,47889
697: 34417,34418,34419,34420,38262,23631,2562,26941,19313,17507
698: 12030,46582,4668,19389,22516,36083,30256,48327,46839,979
699: 25491,4789,46507,42503,34459,13569,25480,29367,20223,33125
700: 42195,19406,38442,1846,41046,40974,17824,46686,38225,30085
701: 28205,8459,24684,51507,25642,25643,48992,26404,8389,12182
702: 19571,43675,48399,25190,7340,29071,40324,1837,40611,24174
703: 41698,48665,13642,13643,13644,13645,35065,12030,46582,4668
704: 7065,1321,7067,23717,46337,13026,30689,47542,17147,46324
705: 32672,8926,37418,35461,33523,23915,36689,12826,38087,40197
706: 11165,18904,22404,6092,18809,17988,17989,3163,1303,3452
707: 18675,41751,18548,15487,12493,4316,24353,17118,4542,24633
708: 22465,34880,48615,4558,38415,1266,22493,37924,41857,34386
709: 49722,47944,3792,15548,48926,2633,26042,26043,26044,51581
710: 15165,39625,50169,815,26764,91,31195,34791,24787,20077
711: 45904,45905,50559,15675,27020,27021,1918,18077,3984,9835
712: 19868,37721,50815,40589,3764,18060,12240,3127,20525,10422
713: 50431,14730,34408,16648,12875,29235,45007,45008,27843,9803
714: 50334,34721,17493,3662,42034,34953,25906,22204,5636,5426
715: 18404,18405,37635,37888,26142,10935,18695,29399,50144,1002
716: 21433,42102,806,50627,27698,51256,36194,9062,2547,39068
717: 11502,17869,27148,34236,6260,44270,7259,50660,34931,3676
718: 9545,25578,35602,41355,35521,44365,39337,12095,37539,791
719: 26946,33116,28998,7534,7535,23029,32118,24244,25167,9944
720: 18466,17256,43313,43201,51641,40805,29297,34208,29088,18579
721: 21288,23010,40225,18650,24569,39900,29831,10107,24040,24888
722: 49214,50308,33468,41406,18359,15314,17827,5532,47137,50607
723: 17220,51666,20680,3057,3874,41435,27238,50702,37221,3166
724: 5731,15607,15608,15609,15610,15611,15612,12992,34231,7921
725: 1839,20793,38044,38773,4744,777,30608,46719,23360,11065
726: 13185,24795,30134,1215,13291,40264,4887,5136,16952,11789
727: 42069,21265,37942,2998,14115,3309,37205,11666,22420,30669
728: 3887,41302,29306,11466,40996,51246,23437,29032,50548,18319
729: 6898,14344,40685,40686,11525,8324,19755,41885,9068,44373
730: 16648,40328,32248,34408,50622,46593,10661,50724,27982,6469
731: 2562,23631,5804,47567,44221,19313,26941,38262,34417,34418
732: 39428,41511,3469,17462,22478,50482,28038,10188,42710,26958
733: 17260,6722,6723,18163,2081,48959,26782,48318,2036,9513
734: 45208,42640,25207,43233,5615,35133,15327,29087,16906,17224
735: 28271,48038,39320,41537,32596,13014,12043,12044,12045,12046
736: 41681,444,41501,46969,5915,4996,23817,16083,33381,49656
737: 51284,6062,28601,33290,49743,1369,43381,41357,47015,44130
738: 45776,33054,46178,12089,37216,12520,10852,45683,31281,23441
739: 1562,4953,28303,50557,7355,10125,18790,2766,48297,542
740: 21408,2643,2644,20421,45060,46923,1808,23025,23026,10373
741: 20049,50577,12973,31207,28034,21740,36594,7759,27865,35883
742: 16344,27239,36625,43538,23402,9996,29908,44855,8023,13536
743: 47905,45652,8271,20701,40546,27602,36094,32163,7797,20703
744: 32230,29596,43534,32941,21384,38033,42380,30545,49864,43871
745: 25533,5565,39483,19222,50603,46985,18291,12389,24306,33698
746: 29192,2091,22687,48545,24139,23712,2873,19725,24739,22941
747: 45608,689,25575,33898,14796,46464,11504,25324,12032,12031
748: 3588,21534,3444,3445,3446,3447,8447,30085,41056,29049
749: 8328,21507,34182,8042,21505,21506,10968,36866,5066,33679
750: 50236,50237,50353,43016,28509,12580,13543,11121,48547,51714
751: 15062,50724,10661,27982,50622,40038,16488,28662,38809,7720
752: 42890,43286,43377,25212,37641,1527,1961,19533,39047,22424
753: 43994,22268,29890,22700,29891,33427,21193,10778,1237,6768
754: 37313,33457,47685,14862,11632,23936,44334,23258,33340,6304
755: 48774,23378,2600,29443,16927,4142,48890,32403,24464,16206
756: 17747,17748,20750,18941,14603,37298,37299,15331,46789,42651
757: 27863,37657,48978,12031,12032,25324,11504,22163,24289,33875
758: 6270,50303,6919,5159,17713,6744,38590,49107,51412,44823
759: 45608,25575,33898,689,11504,25324,12032,12031,48978,37657
760: 30357,17661,26065,42595,35471,19009,46642,16725,30584,30585
761: 47544,5594,26872,34779,1458,12978,26363,42631,18121,13239
762: 13642,13643,13644,13645,41698,48665,12030,46582,4668,19389
763: 11757,3132,3133,41375,51842,48340,44639,41840,50854,5730
764: 6748,40195,9898,49082,25430,17763,28274,31136,47565,6179
765: 30391,42911,18981,34155,19593,19594,36468,45244,15370,6833
766: 38967,21307,44994,27120,4565,20216,726,51401,35679,35727
767: 3939,26673,29907,7842,22200,43977,27776,8218,29189,33314
768: 38448,23543,12165,1022,26452,30029,33447,42307,42308,18734
769: 20164,20163,22954,33147,6168,8393,41555,10472,21024,28544
770: 9996,23402,50603,18291,46985,39483,36625,25533,5565,5800
771: 10629,10628,17465,17466,25053,39117,50882,17355,6645,28243
772: 35927,39305,15463,14977,37729,13200,10280,10562,43724,34621
773: 83,43279,7792,9609,725,31254,35493,24254,23978,16049
774: 13359,9212,23457,12474,32443,9937,34556,45778,6130,19756
775: 20180,48153,17925,5011,22759,41439,12309,46326,17165,26585
776: 44501,7974,9745,9746,28936,40999,28935,39389,47322,48026
777: 14748,32801,26023,44589,44216,37276,36396,1855,11370,11908
778: 26674,4495,40370,31002,15908,51155,29861,49961,46,1861
779: 9522,30039,43443,14469,27360,51574,18598,17471,15800,25107
780: 22397,28820,1557,29487,19275,3484,43083,7833,47406,41650
781: 13238,13392,26777,35625,38409,36247,25626,33788,44303,9907
782: 18501,14538,6902,36653,41436,12276,35140,43067,5352,46136
783: 11505,16120,45623,47249,27399,47829,7141,41485,25844,1518
784: 26142,37635,37888,46593,40750,28252,42320,18404,18405,49862
785: 14244,40882,6538,23104,41100,19484,38356,335,34369,14088
786: 28847,3744,3745,3746,3747,3748,3749,18233,46433,9245
787: 4459,33370,18259,18260,14077,12138,47853,45051,24341,19779
788: 34389,29743,48427,23636,6636,6637,9204,36654,28860,25993
789: 40414,18311,7163,512,24457,8290,48211,23474,46390,49403
790: 18848,49369,9850,20844,24167,42358,2247,47547,45483,31725
791: 5965,28902,42040,23242,35003,8316,2197,18820,31423,19931
792: 14966,7564,5763,1004,34350,47505,8327,30372,17637,34499
793: 24301,25193,22102,19004,28333,25796,6051,33696,46236,33016
794: 14786,18325,1792,51867,8008,3114,48299,38800,14241,19850
795: 15071,14513,12820,49055,17568,29931,6404,23462,226,13219
796: 37303,7539,49460,22327,32780,9263,35798,39754,21500,25137
797: 48146,45146,19293,42238,17114,16536,38225,40974,41046,17824
798: 5800,18291,39483,46985,50603,25533,12389,33698,24306,5565
799: 15062,30063,3489,23562,12563,34680,30061,30062,47031,652
800: 14659,21931,18671,25299,15851,24062,30467,12555,28124,4170
801: 1303,3452,6573,4428,35742,10605,11165,6092,22404,18809
802: 22016,10394,24365,34064,31848,35029,39941,44658,21422,34874
803: 5132,10922,43033,33670,35780,29379,23418,33616,13752,21662
804: 26672,45980,42193,40337,5717,39829,6301,1359,19411,16902
805: 38773,20793,38044,1839,4744,11065,777,28212,23360,10504
806: 42390,2911,417,7235,45797,6129,41454,32297,20712,29497
807: 45776,33054,39428,46178,12089,41511,3469,31281,23441,4735
808: 2002,37675,7631,8408,7923,21336,1951,24226,34613,39758
809: 12593,20297,37526,44321,39487,34494,6169,51649,4861,41613
810: 50334,34721,17493,3662,42034,34953,40041,25906,22204,35669
811: 14270,20497,51961,46199,9177,9839,24581,13916,32356,51863
812: 35492,31879,48249,4609,17134,2692,11374,15231,31922,4358
813: 10360,43197,37861,15823,19215,37438,40711,40712,6290,38695
814: 31281,23441,4735,45143,11046,50433,45180,23253,11095,19951
815: 8547,8213,24290,37392,35173,38558,31877,37105,21548,45295
816: 9077,45001,10819,34541,19982,32050,39765,24725,32577,48671
817: 882,30193,26235,31886,45329,18280,7053,30683,17967,44066
818: 20338,14935,38668,3386,6925,24753,30307,16232,27588,47977
819: 29361,38220,48407,46232,13669,18306,42641,32724,44593,50404
820: 17349,2559,51268,4693,34226,8654,12834,48617,15768,4209
821: 20071,20627,13756,12576,35017,43810,30227,34069,33537,23734
822: 26192,31692,45559,8689,9818,2485,40067,36376,32663,36360
823: 33147,22954,41555,28544,14287,19514,15762,9643,49985,13237
824: 20268,5074,46492,2706,39941,12913,34874,21422,42514,44698
825: 33827,39270,29583,41184,24022,31537,28321,40246,4412,34315
826: 11336,18883,15977,17512,12466,49921,3792,7936,15548,48926
827: 6107,24891,25582,40668,6616,6617,11588,11589,48809,46304
828: 1303,3452,6573,4428,35742,10605,11165,6092,22404,18809
829: 31674,38139,6644,1872,27237,45278,27210,49890,38243,34230
830: 44442,23447,22132,10543,11753,48971,20644,17801,10553,34026
831: 40094,38908,38646,5032,6099,5521,4112,20427,31839,14417
832: 29991,39153,47771,48695,50196,1751,35039,30883,37423,25238
833: 46983,3878,32965,21640,22948,3458,45399,49357,22902,47780
834: 8008,2976,47395,28887,4986,17914,40090,45108,34863,41711
835: 40496,38829,43464,46759,38966,46633,20227,37845,26013,26014
836: 5060,39632,6529,32942,26429,42808,51392,42443,14653,17095
837: 24991,20634,24904,31124,50105,11738,20377,19713,37660,49405
838: 16607,43176,46758,29231,50300,2088,4327,49842,15202,41182
839: 18014,16576,2155,37135,19414,50573,38775,41585,51923,27814
840: 20669,25714,38346,5246,10616,30192,3563,9179,13515,39516
841: 41042,16518,24260,25515,28315,24259,30530,45202,32232,33341
842: 51641,29987,20635,13315,51312,9134,49077,33734,27329,26943
843: 32519,12299,35073,31992,29429,13991,13992,15965,33258,6796
844: 4227,7044,10308,17876,12152,75,44157,48020,51563,51562
845: 32550,29856,21887,12980,14819,32551,50643,50644,40300,20391
846: 20772,10536,30377,10308,37907,30150,39065,11539,25228,32779
847: 5531,26446,42298,34044,22826,31749,6994,35907,41254,37172
848: 15845,6487,43426,10851,22532,22533,22534,13579,21237,21238
849: 11539,30150,37907,32779,12563,3489,17876,34680,7044,4227
850: 33405,33406,3520,33223,45219,38191,14075,22721,43599,37218
851: 16344,36625,23402,9996,27239,43538,29908,5800,50603,18291
852: 41698,48665,13642,13643,13644,13645,35065,12030,46582,4668
853: 6870,1101,17643,18116,24662,24663,24664,41014,32546,38185
854: 44104,46120,38776,23626,11103,50059,48404,45646,12745,12746
855: 44045,13234,50400,27911,1727,38150,45624,30750,42116,15919
856: 36718,15909,15910,27671,27673,27674,13269,18507,14915,19114
857: 7352,30114,49682,49387,2882,16911,32600,3721,10340,32102
858: 18624,1837,19571,43675,29544,29071,7340,40324,30173,41933
859: 17925,22759,20180,46326,5011,17165,28804,48153,26594,15304
860: 35602,3530,9545,51768,23675,20651,48530,41685,22595,45818
861: 5297,48053,9504,36670,27079,34411,26315,12738,51181,4075
862: 23242,5965,28902,42040,49534,23022,35003,8316,2197,17938
863: 31023,48313,41006,7678,14206,35618,9550,40560,16732,49271
864: 51024,5867,29189,46891,7395,9206,26673,30650,37411,10605
865: 10582,30316,3284,46870,48429,19365,34130,34036,8469,33332
866: 30255,17107,33023,16645,7889,41486,1960,42053,36683,26160
867: 27957,3503,5414,12423,47469,14350,25612,25648,36263,24247
868: 2509,27492,37149,20851,47927,15517,36316,44839,8821,8869
869: 1303,3452,6573,4428,35742,10605,3163,6092,22404,18809
870: 34267,27847,37940,51581,44658,35029,31848,44569,24365,30497
871: 29189,5867,46891,51024,7395,9206,26673,30650,37411,29907
872: 15148,44968,16549,27030,15755,15756,31782,45362,17240,31976
873: 43621,34726,32743,5593,5863,32744,16962,21875,2144,8383
874: 14211,14212,37982,26671,42982,35669,41537,48038,40041,28271
875: 44842,22028,39397,42503,6304,6305,45139,34459,23936,37961
876: 21024,10472,47889,37322,45556,17153,6168,8393,20163,20164
877: 7050,36221,19368,32906,34430,1137,36491,30065,6277,32442
878: 33971,28468,30388,23394,11793,37162,1684,599,32499,12084
879: 37675,2002,7631,7923,35643,6642,22808,5612,6696,33581
880: 35586,47025,22584,13321,8522,34247,41723,25946,40415,24596
881: 26446,42298,5531,31749,22826,25288,46908,50690,6994,34044
882: 13527,17961,43799,9215,304,33161,39053,17889,45984,6745
883: 35199,40995,41006,31023,4297,48313,32313,8520,17300,8544
884: 7697,24036,33911,21884,34295,45114,27012,17790,34301,18945
885: 45007,45008,12875,27843,4262,29235,9803,48090,42602,8639
886: 38959,21886,9503,21710,21711,25497,23515,14367,34356,43415
887: 10605,4428,6573,3452,1303,35742,51024,5867,46891,29189
888: 26440,36138,44818,16903,3367,40964,50703,25081,8705,46908
889: 31023,12554,41006,51572,4876,48313,9550,7678,14206,29516
890: 34560,50354,50470,12944,38348,11317,19442,6375,42515,42303
891: 6983,46043,2098,2099,8825,34138,21112,43273,43274,8687
892: 11353,15248,23838,36729,41215,25653,19255,16338,26762,26763
893: 26947,39137,5721,16075,39127,31047,16440,24201,38121,1011
894: 40684,13029,18740,46899,48710,50803,36131,41202,34020,36139
895: 5531,42298,22826,26446,31749,34044,6994,35907,27864,41254
896: 2600,23378,48774,4142,32403,29443,16927,24464,35107,48890
897: 9550,7678,14206,4876,35618,12554,51572,31023,41006,29516
898: 9742,47638,13786,8037,32434,37244,14216,42460,51067,45741
899: 5752,50581,46213,31679,30536,12831,41539,12051,12052,38205
900: 6088,34298,41212,12589,34096,34749,13219,10721,15090,24046
901: 43451,45625,42390,2911,417,7235,45797,41454,32297,20712
902: 20769,2776,41698,45082,49626,41336,9668,8425,29606,19685
903: 23451,34630,21996,4871,16293,41249,34146,17209,28363,7666
904: 9240,33599,41143,17101,37328,43289,10483,25384,4849,42610
905: 3792,15548,48926,15977,12466,17512,49921,7936,11336,41970
906: 39253,33056,17150,41363,41364,2244,30207,35511,44816,41493
907: 16233,28706,13557,15132,15133,3758,45572,20538,46657,3194
908: 47137,5532,17827,50607,15314,47892,15989,43755,41242,14015
909: 38776,44104,30341,24870,46120,34659,23626,333,40234,50059
910: 3094,5042,22269,14996,24861,1766,985,2069,44371,15171
911: 39958,31898,9923,39290,20100,47728,32289,29023,49509,44708
912: 29164,43616,13365,50410,34305,26258,45995,19597,24735,18856
913: 1303,3452,6573,35742,4428,10605,29721,3163,6092,22404
914: 39699,44623,15693,34462,36386,28504,31558,23202,26980,12054
915: 11743,13146,27541,40356,10959,19643,9162,19624,37859,42130
916: 5421,10495,43368,25993,28860,36654,9204,14024,28369,37462
917: 23229,34927,6295,35348,2869,1827,47498,11794,15498,30914
918: 46199,38516,51104,46958,19874,19176,36494,32356,26758,10462
919: 40638,48249,20065,39102,39103,4609,27748,34177,23427,17134
920: 25560,44979,27651,7977,23544,32301,5029,39855,27783,38740
921: 17855,18467,39616,3215,35455,43777,33050,7762,7748,12829
922: 1303,3452,35742,6573,4428,3163,6092,22404,18809,11165
923: 34041,35141,11124,23809,3130,42141,37794,28180,11284,33614
924: 14643,14138,3591,3592,18473,24019,6610,24758,6704,5685
925: 45761,32819,40667,21202,21255,17644,2394,19385,49049,49676
926: 18680,42417,17777,33168,37270,50009,48663,15036,3717,3718
927: 7844,45674,5636,31763,39613,41601,17231,25543,38615,23167
928: 6788,22292,20539,30729,28783,7069,6408,23040,4456,23244
929: 12226,49134,44401,14187,19783,33286,13071,25337,42178,46616
930: 30306,23135,29384,17025,37600,42606,38700,38021,19604,373
931: 3464,17913,21221,22149,1763,15223,32949,23076,5144,15334
932: 37611,47053,3647,11166,50070,38396,34469,19735,36171,37640
933: 19343,51874,47041,33587,442,20131,49824,10960,2165,23049
934: 19828,41632,18788,39475,40130,33059,23782,7220,31222,43193
935: 49985,23105,9043,14287,7394,19514,15762,16718,26749,11543
936: 18839,50706,51720,35715,571,9026,28087,43439,43692,47597
937: 28909,42634,44349,44350,44351,22329,22330,2306,14925,27017
938: 31316,39411,12944,11317,41741,48510,6375,38348,19442,42515
939: 9876,2740,28937,11519,14044,31416,18846,31600,36488,43931
940: 4437,36868,17979,17999,14702,31584,47484,38675,31533,28278
941: 16906,15327,29087,43233,42640,17000,17001,17002,25207,51967
942: 29599,3129,4664,14904,7415,48783,33460,2964,34602,3593
943: 39968,39368,46849,5555,13695,24606,27288,33348,14976,16077
944: 7395,9206,30650,46891,37411,5867,51024,29189,41524,7221
945: 17224,38479,45208,44993,20055,6484,35133,5615,42640,25207
946: 5906,10653,7932,703,37541,47323,35466,24064,1435,39345
947: 22611,22612,50379,30214,28653,1214,1155,29839,42628,2669
948: 13235,26222,37824,48686,48037,32782,39292,36549,38009,25701
949: 20769,45082,9668,8425,43979,50555,17954,31807,5829,23721
950: 36984,11261,18535,19145,41927,9799,15358,23779,41761,45462
951: 17988,17989,18904,11165,18809,22404,6092,3163,40799,5319
952: 5319,40172,43954,39713,29690,6390,15662,45638,32303,19846
953: 5675,1554,37007,42114,42987,43775,26785,28910,48627,6378
954: 23782,45574,43193,39086,7220,43318,31222,18788,39475,6832
955: 27899,34227,41985,15769,20239,27391,39744,13379,50431,14730
956: 35330,5138,37455,37151,17384,15137,20130,46392,39536,20730
957: 3441,34751,47474,7954,29251,36698,4376,13754,38697,37172
958: 20887,49085,6346,20167,16365,1158,48281,38488,14827,15940
959: 38659,7864,5165,49984,5080,3179,47378,47513,33124,14503
960: 7168,49009,45100,17312,20626,36053,35315,16608,23397,8341
961: 41698,48665,13642,13643,13644,13645,35065,12030,46582,4668
962: 10114,47344,18540,22918,32986,11324,33700,9542,15586,7448
963: 20669,27391,15769,20239,41985,39744,34227,2415,43763,11025
964: 12874,35011,26310,18907,26859,46317,16904,34445,19791,47197
965: 28930,15445,51374,44339,334,43665,3197,21368,44776,22659
966: 29510,32054,44277,29536,44839,15517,26110,36316,26381,47927
967: 3895,44071,44072,4263,38859,9814,23320,24703,31810,2684
968: 18883,50630,8962,12977,11336,51084,15977,35716,17512,12466
969: 22378,9073,40780,23632,2230,34747,18588,43609,33365,44928
970: 30401,41955,50562,13333,12022,42419,10182,8760,6768,36362
971: 20163,20164,22954,41555,33147,6168,8393,44767,10472,21024
972: 5440,21684,5441,30141,34306,39013,30381,45655,14985,32747
973: 38912,22808,46255,28999,13974,5044,5963,22619,6696,5612
974: 33023,22791,16471,16472,21715,21353,26160,36683,27407,29489
975: 18676,18672,26049,15357,8132,14716,1877,50423,2185,8251
976: 22668,7173,30864,46725,42599,8395,27825,8266,48879,4518
977: 16365,49085,6346,20167,20887,48281,1158,38488,14827,15940
978: 45761,49676,32819,1026,14400,34367,24008,18104,11471,28063
979: 43763,2415,11025,9083,23291,23292,23293,23294,23295,47386
980: 9497,27538,17794,14562,32800,11486,13707,44076,19266,44908
981: 15062,30063,33405,33406,30061,30062,33223,45219,14075,22721
982: 13344,24821,13345,2138,31958,11518,23767,23992,37456,49590
983: 17841,21134,48997,9441,34965,15140,34964,17977,21889,10357
984: 12554,51572,4876,29516,33846,9550,35065,7678,14206,31023
985: 32588,31543,23597,27375,21620,6940,33213,11731,51506,12831
986: 48249,4609,17134,2692,15231,4358,31879,22784,10184,35492
987: 15062,30063,30061,30062,16488,40038,28662,21278,38809,7720
988: 2752,12063,49862,42320,28252,40750,26546,14112,18404,18405
989: 23378,29443,16927,2600,48890,16206,42564,9695,47807,16705
990: 32132,30825,34115,42872,12884,50425,14092,31987,39330,673
991: 1115,51346,42829,31986,14154,2527,29320,7445,7446,41372
992: 23058,50739,46859,15171,5749,44371,1500,2069,12359,25825
993: 42640,25207,5615,43233,35133,29087,15327,16906,45208,7988
994: 17349,2559,51268,4693,34226,8654,12834,48617,15768,4209
995: 6377,6932,35790,45030,48372,5955,47355,17909,45473,27550
996: 41125,41126,10295,26677,44823,44824,44826,44827,44829,19085
997: 22120,11169,34782,50533,32976,37385,11527,32607,27626,31941
998: 34350,10482,4526,30372,36275,8861,40718,9572,14425,14426
999: 33618,22675,46681,10919,25199,3304,30009,33747,26480,43465
